15882459
14766831
17292501
15607082
17331254
16496563
16000742
12682113
16835840
15666247
14715771
18786265
15240071
15921895
15814965
16054307
16914645
8940434
15113396
16872761
15135507
21239543
15004060
14605134
10422693
17644637
20112229
16000438
15262000
16956777
10603369
16384888
9927001
15607081
16260057
17887989
17716835
12438362
9784578
22307301
17098897
19413771
15992278
24296503
12819087
19880649
14993302
16125342
16455898
25523243
12624011
17718910
21864997
17049189
16326041
8904439
12742715
8005211
15737477
22991525
16517857
21624114
25465174
27107119
20844211
17557838
11496011
10948164
16490272
18509740
10799279
12843017
22347543
15288926
14711626
11246905
19684174
10659350
11142505
9508292
17686138
21689465
11598075
27031337
19332804
9596716
18678426
22718945
16176859
12671181
14632994
9529069
11473999
12671177
11447192
27426967
22986184
11181153
25644201
22622337
17354474
12791863
23995936
17720842
12748269
26318408
15364473
24441159
24688508
24743858
19797469
24056456
22919600
24068018
20643468
10834970
7751741
20952647
24448275
25548059
24077709
9797257
21292859
11796630
22522692
25887577
26156168
23350641
12791914
27497630
24512720
12508474
11974884
16112258
12132770
25488108
21317253
23777812
23893919
23163884
9620385
12438351
22003022
23934487
23782867
25465159
12183566
26148965
23624795
23270615
22435607
24159437
24560591
24708594
24309402
25706738
23757242
23932311
26905491
11083828
23047613
16113321
24339197
9675859
26744615
11555293
11254564
23331629
27622632
14605120
23884997
9394559
1682258
27513249
26923249
26027274
10846212
15496394
24590116
10966231
23325824
14532337
23880308
9920124
12466401
26824810
27542930
26935026
21531349
15496393
22691138
24884767
24643076
24834174
24034719
16826706
8636961
24044742
23620202
9529083
15664947
21245267
21593239
22366128
27580573
25962987
9851036
25385791
26650821
15815034
24999453
1937746
14532347
1941998
24141131
2182877
10747171
25789994
21873477
25106491
25217019
19878715
10624089
22144899
24095642
10611361
11444770
23084628
23220963
21402761
23524679
26238712
17073268
16369035
26085084
17234305
21343354
22614704
19528152
15628530
21131485
11700366
23374653
24730144
26984976
8376595
25870750
10417201
27199966
12586409
1552854
18250933
23647340
12654834
26142678
23372726
25848503
25774152
11500429
22492457
23068271
12213921
10741004
23868135
25193497
27236730
1294654
22493278
23922527
8104225
18455741
2172966
12061645
24362422
17635860
26451946
26854341
23357294
26845679
26855346
19436735
16040989
10203524
24375127
24834207
24605663
22144484
23124225
22377117
15666860
27412254
12391676
15784601
8822055
23658605
24082409
8455192
24294244
22903075
22860002
23897608
26548295
27083266
11119520
26941726
26347717
16446436
11972776
21527009
1937792
27009511
26575469
22451516
23142035
7878036
8731594
17351088
8409585
24443535
1680136
26081543
26895282
9368360
22857976
26627113
12243540
26103974
23056583
19633123
23391439
24939568
25937151
3058865
8393004
27587806
22658748
23728810
25811471
27533474
24362777
22503394
27571974
24031860
25653719
16252497
23704791
23862737
9044273
25297974
21792379
22727253
25803149
24031959
26004066
26101887
25356358
26810335
25011596
24926061
25507607
24031684
24583193
25353290
27309855
27033912
24037444
24188314
26259276
24326226
25665648
27501144
26441869
2283499
27616205
27480057
23908298
25657280
27599923
25814601
4898613
13278497
